   34366     355    3480
   34367     391  3517.5
   34368     364  3492.5
   34369     351  3483.5
   34372     300  3418.5
   34373     327  3443.5
   34374     320    3425
   34375     300  3406.5
   34376     282  3377.5
   34379     285    3359
   34380     293    3391
   34381     309  3416.5
   34382     315  3425.5
   34383     279  3382.5
   34386     257    3350
   34387     252    3332
   34388     280    3339
   34389     206  3268.5
   34390     218  3282.5
   34393     235    3322
   34394     208    3276
   34395     195  3238.5
   34396     210    3242
   34397     200    3277
   34400     232    3307
   34401     225    3270
   34402     200    3248
   34403     210  3238.5
   34404     180  3194.5
   34407     195    3233
   34408     200  3266.5
   34409     205  3242.5
   34410     201  3257.5
   34411     173  3216.5
   34414     182    3198
   34415     180  3199.5
   34416     165    3155
   34417     130    3124
   34418     138    3133
   34421     133  3130.5
   34422     144  3125.5
   34423     120    3094
   34424     105  3083.5
   34429     110  3112.5
   34430     137    3132
   34431     134    3127
   34432     134  3120.5
   34435     133  3147.5
   34436     149  3160.5
   34437     135  3145.5
   34438     131    3130
   34439     156    3167
   34442     162    3143
   34443     125  3130.5
   34444     112    3098
   34445     120  3102.5
   34446     129    3135
   34449     112  3107.5
   34450     125    3125
   34451     129    3148
   34452     139  3129.5
   34453     121  3124.5
   34457     102    3100
   34458     100    3070
   34459     106    3106
   34460     106  3106.5
   34463     104    3099
   34464     122    3133
   34465     125  3129.5
   34466     125  3138.5
   34467     108    3120
   34470     117  3113.5
   34471     109  3124.5
   34472     103  3117.5
   34473     113    3124
   34474      80    3126
   34477     102    3107
   34478      90    3090
   34479      91  3015.5
   34480      58    3021
   34481      39    2963
   34485      37  2969.5
   34486      30  2932.5
   34487      50  2975.5
   34488      50    2994
   34491      66    3008
   34492      65    3008
   34493      64    3039
   34494      65  3026.5
   34495      65    3051
   34498      65    3016
   34499      64    3040
   34500      60  3045.5
   34501      58    3029
   34502      51    3021
   34505      45    2973
   34506      42    2939
   34507      42    2957
   34508      36    2943
   34509      24  2877.5
   34512      33    2900
   34513      31    2911
   34514      37  2945.5
   34515      39  2916.5
   34519      38    2972
   34520      44    2963
   34521      36    2947
   34522      41  2965.5
   34523      41    2960
   34526      46    2983
   34527      40    2963
   34528      55  3003.5
   34529      66  3046.5
   34530      46    3075
   34533      70  3081.5
   34534      72  3088.5
   34535      78    3078
   34536      62  3096.5
   34537      83  3114.5
   34540      78  3103.5
   34541      83  3119.5
   34542      64  3084.5
   34543      66    3095
   34544      66  3082.5
   34548      91  3155.5
   34549      98  3159.5
   34550      90  3150.5
   34551      87  3166.5
   34554     100  3169.5
   34555      92  3167.5
   34556      97    3167
   34557     102  3144.5
   34558      73  3142.5
   34561      88  3142.5
   34562      85  3148.5
   34563      98  3189.5
   34564     110    3182
   34565     105  3191.5
   34568      95  3168.5
   34569      98  3174.5
   34570     104    3203
   34571     128    3236
   34572     120  3262.5
   34576     148  3251.5
   34577     144    3251
   34578     130  3216.5
   34579     116  3222.5
   34582     105  3240.5
   34583     118    3204
   34584     108    3205
   34585      83    3178
   34586      60    3134
   34589      55  3127.5
   34590      49  3118.5
   34591      45    3079
   34592      48  3113.5
   34593      47  3066.5
   34596      39    3080
   34597      40    3035
   34598      24    3015
   34599      27  3019.5
   34600      32    3028
   34603      20    3002
   34604      20  3008.5
   34605      23  3039.5
   34606      28  2994.5
   34607      19  3022.5
   34610      26  2984.5
   34611      15  3001.5
   34612      16  2959.5
   34613      16  2985.5
   34614      18  2997.5
   34617      22  3031.5
   34618      22    3073
   34619      37  3098.5
   34620      55  3144.5
   34621      47  3104.5
   34624      55  3120.5
   34625      32    3083
   34626      35  3057.5
   34627      24  3060.5
   34628      20    3030
   34631      20    3033
   34632      10  2999.5
   34633      13  3003.5
   34634      15    3028
   34635      18  3083.5
   34638      31    3097
   34639      27  3093.5
   34640      34  3082.5
   34641      22  3102.5
   34642      32    3098
   34645      15  3066.5
   34646      13  3061.5
   34647      21    3101
   34648      20  3103.5
   34649      15  3073.5
   34652      18  3087.5
   34653      28  3135.5
   34654      32  3147.5
   34655      28  3126.5
   34656      24  3130.5
   34659      21  3120.5
   34660      15  3079.5
   34661       5    3026
   34662     5.5  3036.5
   34663       3    3032
   34666       6    3047
   34667       7  3061.5
   34668     5.5    3080
   34669       2  3038.5
   34670       1    3017
   34673       0    3032
   34674       0    3014
   34675     0.5    3012
   34676       0  3012.5
   34677       0  2977.5
   34680       0    2943
   34681       0    2948
   34682       0    2980
   34683       0    2975
   34684       0    3013
