   34366      74    3480
   34367      81  3517.5
   34368      69  3492.5
   34369      73  3483.5
   34372      82  3418.5
   34373      83  3443.5
   34374      85    3425
   34375     105  3406.5
   34376     101  3377.5
   34379     110    3359
   34380      95    3391
   34381      88  3416.5
   34382     100  3425.5
   34383     105  3382.5
   34386     113    3350
   34387     115    3332
   34388     110    3339
   34389     144  3268.5
   34390     135  3282.5
   34393     122    3322
   34394     140    3276
   34395     151  3238.5
   34396     155    3242
   34397     150    3277
   34400     122    3307
   34401     140    3270
   34402     141    3248
   34403     145  3238.5
   34404     172  3194.5
   34407     144    3233
   34408     140  3266.5
   34409     150  3242.5
   34410     133  3257.5
   34411     157  3216.5
   34414   171.5    3198
   34415     160  3199.5
   34416     180    3155
   34417     202    3124
   34418     195    3133
   34421     197  3130.5
   34422     204  3125.5
   34423     236    3094
   34424     231  3083.5
   34429     225  3112.5
   34430     192    3132
   34431     190    3127
   34432     190  3120.5
   34435     189  3147.5
   34436     172  3160.5
   34437     186  3145.5
   34438     195    3130
   34439     163    3167
   34442     186    3143
   34443     191  3130.5
   34444     208    3098
   34445     197  3102.5
   34446     186    3135
   34449     202  3107.5
   34450     185    3125
   34451     180    3148
   34452     167  3129.5
   34453     186  3124.5
   34457     203    3100
   34458     223    3070
   34459     195    3106
   34460     196  3106.5
   34463     196    3099
   34464     173    3133
   34465     179  3129.5
   34466     169  3138.5
   34467     185    3120
   34470     173  3113.5
   34471     181  3124.5
   34472     188  3117.5
   34473     175    3124
   34474     176    3126
   34477     192    3107
   34478     190    3090
   34479     249  3015.5
   34480     240    3021
   34481     292    2963
   34485     300  2969.5
   34486     298  2932.5
   34487     274  2975.5
   34488     275    2994
   34491     254    3008
   34492     255    3008
   34493     230    3039
   34494     227  3026.5
   34495     221    3051
   34498     223    3016
   34499     240    3040
   34500     229  3045.5
   34501     233    3029
   34502     248    3021
   34505     268    2973
   34506     291    2939
   34507     291    2957
   34508     308    2943
   34509     364  2877.5
   34512     327    2900
   34513     327    2911
   34514     301  2945.5
   34515     294  2916.5
   34519     293    2972
   34520     272    2963
   34521     298    2947
   34522     280  2965.5
   34523     279    2960
   34526     260    2983
   34527     278    2963
   34528     254  3003.5
   34529     208  3046.5
   34530     194    3075
   34533     210  3081.5
   34534     187  3088.5
   34535     178    3078
   34536     203  3096.5
   34537     169  3114.5
   34540     173  3103.5
   34541     161  3119.5
   34542     170  3084.5
   34543     184    3095
   34544     183  3082.5
   34548     144  3155.5
   34549     145  3159.5
   34550     143  3150.5
   34551     145  3166.5
   34554     127  3169.5
   34555     135  3167.5
   34556     134    3167
   34557     148  3144.5
   34558     162  3142.5
   34561     139  3142.5
   34562     142  3148.5
   34563     127  3189.5
   34564     115    3182
   34565     118  3191.5
   34568     123  3168.5
   34569     118  3174.5
   34570     102    3203
   34571      92    3236
   34572      74  3262.5
   34576      80  3251.5
   34577      78    3251
   34578      95  3216.5
   34579      94  3222.5
   34582      84  3240.5
   34583     104    3204
   34584     101    3205
   34585     115    3178
   34586     145    3134
   34589     153  3127.5
   34590     160  3118.5
   34591     186    3079
   34592     106  3113.5
   34593     114  3066.5
   34596     181    3080
   34597     206    3035
   34598     228    3015
   34599     215  3019.5
   34600     208    3028
   34603     233    3002
   34604     228  3008.5
   34605     218  3039.5
   34606     201  2994.5
   34607     231  3022.5
   34610     216  2984.5
   34611     224  3001.5
   34612     260  2959.5
   34613     250  2985.5
   34614     224  2997.5
   34617     191  3031.5
   34618     158    3073
   34619     150  3098.5
   34620     115  3144.5
   34621     130  3104.5
   34624     130  3120.5
   34625     155    3083
   34626     177  3057.5
   34627     175  3060.5
   34628     198    3030
   34631     207    3033
   34632     225  2999.5
   34633     212  3003.5
   34634     198    3028
   34635     152  3083.5
   34638     138    3097
   34639     150  3093.5
   34640     158  3082.5
   34641     137  3102.5
   34642     137    3098
   34645     178  3066.5
   34646     185  3061.5
   34647     149    3101
   34648     151  3103.5
   34649     162  3073.5
   34652     169  3087.5
   34653     111  3135.5
   34654      93  3147.5
   34655     108  3126.5
   34656     107  3130.5
   34659     118  3120.5
   34660     140  3079.5
   34661     200    3026
   34662     194  3036.5
   34663     206    3032
   34666     172    3047
   34667     160  3061.5
   34668     134    3080
   34669     183  3038.5
   34670     218    3017
   34673     203    3032
   34674     200    3014
   34675     205    3012
   34676     224  3012.5
   34677     255  2977.5
   34680     275    2943
   34681     281    2948
   34682     265    2980
   34683     230    2975
   34684     256    3013
