   34366     596    3480
   34367     637  3517.5
   34368     607  3492.5
   34369     591  3483.5
   34372     532  3418.5
   34373     563  3443.5
   34374     555    3425
   34375     531  3406.5
   34376     507  3377.5
   34379     500    3359
   34380     522    3391
   34381     542  3416.5
   34382     550  3425.5
   34383     504  3382.5
   34386     477    3350
   34387     470    3332
   34388     482    3339
   34389     410  3268.5
   34390     427  3282.5
   34393     465    3322
   34394     414    3276
   34395     396  3238.5
   34396     397    3242
   34397     427    3277
   34400     443    3307
   34401     407    3270
   34402     396    3248
   34403     381  3238.5
   34404     343  3194.5
   34407     387    3233
   34408     417  3266.5
   34409     390  3242.5
   34410     405  3257.5
   34411     366  3216.5
   34414     355    3198
   34415     365  3199.5
   34416     320    3155
   34417     303    3124
   34418     314    3133
   34421     308  3130.5
   34422     298  3125.5
   34423     260    3094
   34424     265  3083.5
   34429     255  3112.5
   34430     314    3132
   34431     312    3127
   34432     311  3120.5
   34435     310  3147.5
   34436     334  3160.5
   34437     313  3145.5
   34438     308    3130
   34439     346    3167
   34442     310    3143
   34443     303  3130.5
   34444     279    3098
   34445     292  3102.5
   34446     306    3135
   34449     281  3107.5
   34450     303    3125
   34451     309    3148
   34452     326  3129.5
   34453     297  3124.5
   34457     266    3100
   34458     243    3070
   34459     274    3106
   34460     273  3106.5
   34463     271    3099
   34464     301    3133
   34465     294  3129.5
   34466     305  3138.5
   34467     280    3120
   34470     294  3113.5
   34471     282  3124.5
   34472     272  3117.5
   34473     289    3124
   34474     274    3126
   34477     251    3107
   34478     253    3090
   34479     191  3015.5
   34480     199    3021
   34481     155    2963
   34485     161  2969.5
   34486     172  2932.5
   34487     170  2975.5
   34488     168    2994
   34491     185    3008
   34492     185    3008
   34493     207    3039
   34494     210  3026.5
   34495     215    3051
   34498     211    3016
   34499     210    3040
   34500     203  3045.5
   34501     199    3029
   34502     184    3021
   34505     170    2973
   34506     156    2939
   34507     156    2957
   34508     145    2943
   34509     132  2877.5
   34512     132    2900
   34513     135    2911
   34514     138  2945.5
   34515     157  2916.5
   34519     156    2972
   34520     170    2963
   34521     151    2947
   34522     163  2965.5
   34523     163    2960
   34526     177    2983
   34527     161    2963
   34528     188  3003.5
   34529     222  3046.5
   34530     236    3075
   34533     215  3081.5
   34534     233  3088.5
   34535     243    3078
   34536     214  3096.5
   34537     253  3114.5
   34540     245  3103.5
   34541     256  3119.5
   34542     221  3084.5
   34543     225    3095
   34544     226  3082.5
   34548     273  3155.5
   34549     286  3159.5
   34550     273  3150.5
   34551     268  3166.5
   34554     292  3169.5
   34555     279  3167.5
   34556     287    3167
   34557     264  3144.5
   34558     245  3142.5
   34561     273  3142.5
   34562     270  3148.5
   34563     292  3189.5
   34564     313    3182
   34565     313  3191.5
   34568     294  3168.5
   34569     299  3174.5
   34570     327    3203
   34571     350    3236
   34572     379  3262.5
   34576     359  3251.5
   34577     359    3251
   34578     322  3216.5
   34579     327  3222.5
   34582     344  3240.5
   34583     305    3204
   34584     308    3205
   34585     284    3178
   34586     241    3134
   34589     230  3127.5
   34590     218  3118.5
   34591     191    3079
   34592     229  3113.5
   34593     179  3066.5
   34596     175    3080
   34597     171    3035
   34598     152    3015
   34599     162  3019.5
   34600     170    3028
   34603     146    3002
   34604     149  3008.5
   34605     157  3039.5
   34606     172  2994.5
   34607     145  3022.5
   34610     154  2984.5
   34611     132  3001.5
   34612     130  2959.5
   34613     134  2985.5
   34614     147  2997.5
   34617     172  3031.5
   34618     205    3073
   34619     214  3098.5
   34620     257  3144.5
   34621     219  3104.5
   34624     232  3120.5
   34625     200    3083
   34626     176  3057.5
   34627     178  3060.5
   34628     156    3030
   34631     147    3033
   34632     160  2999.5
   34633     122  3003.5
   34634     154    3028
   34635     201  3083.5
   34638     209    3097
   34639     199  3093.5
   34640     191  3082.5
   34641     212  3102.5
   34642     209    3098
   34645     165  3066.5
   34646     157  3061.5
   34647     191    3101
   34648     188  3103.5
   34649     174  3073.5
   34652     164  3087.5
   34653     234  3135.5
   34654     233  3147.5
   34655     219  3126.5
   34656     228  3130.5
   34659     212  3120.5
   34660     187  3079.5
   34661     128    3026
   34662     125  3036.5
   34663     118    3032
   34666     143    3047
   34667     153  3061.5
   34668     165    3080
   34669     125  3038.5
   34670      95    3017
   34673     101    3032
   34674     105    3014
   34675      93    3012
   34676      82  3012.5
   34677      80  2977.5
   34680      52    2943
   34681      35    2948
   34682      35    2980
   34683      47    2975
   34684      44    3013
