   34366     431    3480
   34367     469  3517.5
   34368     441  3492.5
   34369     427  3483.5
   34372     373  3418.5
   34373     401  3443.5
   34374     394    3425
   34375     372  3406.5
   34376     352  3377.5
   34379     350    3359
   34380     364    3391
   34381     382  3416.5
   34382     389  3425.5
   34383     349  3382.5
   34386     325    3350
   34387     319    3332
   34388     329    3339
   34389     267  3268.5
   34390     281  3282.5
   34393     300    3322
   34394     270    3276
   34395     255  3238.5
   34396     257    3242
   34397     281    3277
   34400     295    3307
   34401     287    3270
   34402     254    3248
   34403     242  3238.5
   34404     211  3194.5
   34407     246    3233
   34408     271  3266.5
   34409     248  3242.5
   34410     261  3257.5
   34411     230  3216.5
   34414     221    3198
   34415     235  3199.5
   34416     193    3155
   34417     179    3124
   34418     188    3133
   34421     196  3130.5
   34422     175  3125.5
   34423     145    3094
   34424     160  3083.5
   34429     145  3112.5
   34430     187    3132
   34431     185    3127
   34432     184  3120.5
   34435     183  3147.5
   34436     202  3160.5
   34437     185  3145.5
   34438     181    3130
   34439     211    3167
   34442     223    3143
   34443     176  3130.5
   34444     170    3098
   34445     165  3102.5
   34446     179    3135
   34449     172  3107.5
   34450     175    3125
   34451     180    3148
   34452     192  3129.5
   34453     165  3124.5
   34457     164    3100
   34458     140    3070
   34459     153    3106
   34460     155  3106.5
   34463     140    3099
   34464     173    3133
   34465     175  3129.5
   34466     175  3138.5
   34467     180    3120
   34470     166  3113.5
   34471     160  3124.5
   34472     172  3117.5
   34473     162    3124
   34474     148    3126
   34477     131    3107
   34478     132    3090
   34479      89  3015.5
   34480     100    3021
   34481      82    2963
   34485      75  2969.5
   34486      56  2932.5
   34487      75  2975.5
   34488      74    2994
   34491     105    3008
   34492     100    3008
   34493     115    3039
   34494     101  3026.5
   34495     105    3051
   34498     101    3016
   34499     101    3040
   34500      96  3045.5
   34501     105    3029
   34502      83    3021
   34505      75    2973
   34506      69    2939
   34507      69    2957
   34508      82    2943
   34509      42  2877.5
   34512      53    2900
   34513      53    2911
   34514      63  2945.5
   34515      66  2916.5
   34519      64    2972
   34520      73    2963
   34521      65    2947
   34522      70  2965.5
   34523      68    2960
   34526      80    2983
   34527      85    2963
   34528      90  3003.5
   34529      90  3046.5
   34530     113    3075
   34533     120  3081.5
   34534     115  3088.5
   34535     110    3078
   34536     101  3096.5
   34537     120  3114.5
   34540     121  3103.5
   34541     127  3119.5
   34542     133  3084.5
   34543     110    3095
   34544     107  3082.5
   34548     140  3155.5
   34549     149  3159.5
   34550     155  3150.5
   34551     135  3166.5
   34554     152  3169.5
   34555     142  3167.5
   34556     145    3167
   34557     132  3144.5
   34558     117  3142.5
   34561     137  3142.5
   34562     142  3148.5
   34563     150  3189.5
   34564     165    3182
   34565      95  3191.5
   34568     150  3168.5
   34569     153  3174.5
   34570     174    3203
   34571     174    3236
   34572     215  3262.5
   34576     197  3251.5
   34577     197    3251
   34578     168  3216.5
   34579     171  3222.5
   34582     184  3240.5
   34583     153    3204
   34584     155    3205
   34585     137    3178
   34586     106    3134
   34589     110  3127.5
   34590      92  3118.5
   34591      90    3079
   34592      80  3113.5
   34593     104  3066.5
   34596      87    3080
   34597      74    3035
   34598      55    3015
   34599      58  3019.5
   34600      60    3028
   34603      57    3002
   34604      50  3008.5
   34605      54  3039.5
   34606      62  2994.5
   34607      47  3022.5
   34610      52  2984.5
   34611      50  3001.5
   34612      39  2959.5
   34613      43  2985.5
   34614      47  2997.5
   34617      60  3031.5
   34618      60    3073
   34619      87  3098.5
   34620      88  3144.5
   34621     100  3104.5
   34624     101  3120.5
   34625      73    3083
   34626      62  3057.5
   34627      69  3060.5
   34628      45    3030
   34631      50    3033
   34632      35  2999.5
   34633      33  3003.5
   34634      29    3028
   34635      44  3083.5
   34638      72    3097
   34639      67  3093.5
   34640      62  3082.5
   34641      65  3102.5
   34642      67    3098
   34645      52  3066.5
   34646      41  3061.5
   34647      59    3101
   34648      55  3103.5
   34649      50  3073.5
   34652      42  3087.5
   34653      70  3135.5
   34654      65  3147.5
   34655      75  3126.5
   34656      71  3130.5
   34659      66  3120.5
   34660      50  3079.5
   34661      23    3026
   34662      26  3036.5
   34663      17    3032
   34666      25    3047
   34667      28  3061.5
   34668      28    3080
   34669      24  3038.5
   34670       8    3017
   34673     5.5    3032
   34674       5    3014
   34675       5    3012
   34676     2.5  3012.5
   34677       1  2977.5
   34680       0    2943
   34681       0    2948
   34682       0    2980
   34683       0    2975
   34684       0    3013
