   34366     286    3480
   34367     319  3517.5
   34368     294  3492.5
   34369     282  3483.5
   34372     235  3418.5
   34373     261  3443.5
   34374     254    3425
   34375     236  3406.5
   34376     220  3377.5
   34379     230    3359
   34380     230    3391
   34381     244  3416.5
   34382     250  3425.5
   34383     217  3382.5
   34386     198    3350
   34387     194    3332
   34388     201    3339
   34389     175  3268.5
   34390     164  3282.5
   34393     178    3322
   34394     155    3276
   34395     144  3238.5
   34396     147    3242
   34397     165    3277
   34400     185    3307
   34401     170    3270
   34402     143    3248
   34403     134  3238.5
   34404     111  3194.5
   34407     145    3233
   34408     153  3266.5
   34409     138  3242.5
   34410     148  3257.5
   34411     125  3216.5
   34414     119    3198
   34415     140  3199.5
   34416      99    3155
   34417      89    3124
   34418      80    3133
   34421      92  3130.5
   34422      87  3125.5
   34423      70    3094
   34424      72  3083.5
   34429      76  3112.5
   34430      98    3132
   34431      95    3127
   34432      95  3120.5
   34435      94  3147.5
   34436     107  3160.5
   34437      96  3145.5
   34438      92    3130
   34439     113    3167
   34442      93    3143
   34443      89  3130.5
   34444      77    3098
   34445      80  3102.5
   34446      90    3135
   34449      77  3107.5
   34450      87    3125
   34451      90    3148
   34452      98  3129.5
   34453      83  3124.5
   34457      68    3100
   34458      57    3070
   34459      71    3106
   34460      71  3106.5
   34463      69    3099
   34464      84    3133
   34465      80  3129.5
   34466      85  3138.5
   34467      72    3120
   34470      79  3113.5
   34471      73  3124.5
   34472      68  3117.5
   34473      76    3124
   34474      80    3126
   34477      69    3107
   34478      55    3090
   34479      45  3015.5
   34480      34    3021
   34481      32    2963
   34485      30  2969.5
   34486      35  2932.5
   34487      26  2975.5
   34488      42    2994
   34491      32    3008
   34492      31    3008
   34493      38    3039
   34494      45  3026.5
   34495      30    3051
   34498      39    3016
   34499      38    3040
   34500      36  3045.5
   34501      35    3029
   34502      30    3021
   34505      27    2973
   34506      24    2939
   34507      24    2957
   34508      19    2943
   34509      11  2877.5
   34512      18    2900
   34513      16    2911
   34514      20  2945.5
   34515      22  2916.5
   34519      21    2972
   34520      25    2963
   34521      19    2947
   34522      23  2965.5
   34523      22    2960
   34526      27    2983
   34527      22    2963
   34528      28  3003.5
   34529      40  3046.5
   34530      46    3075
   34533      42  3081.5
   34534      42  3088.5
   34535      46    3078
   34536      35  3096.5
   34537      44  3114.5
   34540      45  3103.5
   34541      49  3119.5
   34542      35  3084.5
   34543      37    3095
   34544      37  3082.5
   34548      54  3155.5
   34549      60  3159.5
   34550      53  3150.5
   34551      51  3166.5
   34554      60  3169.5
   34555      54  3167.5
   34556      59    3167
   34557      49  3144.5
   34558      42  3142.5
   34561      52  3142.5
   34562      49  3148.5
   34563      59  3189.5
   34564      67    3182
   34565      66  3191.5
   34568      56  3168.5
   34569      58  3174.5
   34570      69    3203
   34571      69    3236
   34572      75  3262.5
   34576      81  3251.5
   34577      80    3251
   34578      62  3216.5
   34579      70  3222.5
   34582      65  3240.5
   34583      53    3204
   34584      60    3205
   34585      48    3178
   34586      30    3134
   34589      30  3127.5
   34590      25  3118.5
   34591      33    3079
   34592      30  3113.5
   34593      14  3066.5
   34596      16    3080
   34597      30    3035
   34598      12    3015
   34599      11  3019.5
   34600      12    3028
   34603       7    3002
   34604     7.5  3008.5
   34605     8.5  3039.5
   34606      11  2994.5
   34607     6.5  3022.5
   34610       7  2984.5
   34611       6  3001.5
   34612       7  2959.5
   34613       4  2985.5
   34614     5.5  2997.5
   34617       9  3031.5
   34618      14    3073
   34619      22  3098.5
   34620      27  3144.5
   34621      24  3104.5
   34624      22  3120.5
   34625      18    3083
   34626       8  3057.5
   34627      12  3060.5
   34628       4    3030
   34631       6    3033
   34632       1  2999.5
   34633     0.5  3003.5
   34634     3.5    3028
   34635      10  3083.5
   34638      10    3097
   34639       8  3093.5
   34640       7  3082.5
   34641      10  3102.5
   34642     9.5    3098
   34645       3  3066.5
   34646       2  3061.5
   34647       5    3101
   34648     4.5  3103.5
   34649       3  3073.5
   34652     1.5  3087.5
   34653      11  3135.5
   34654       8  3147.5
   34655       9  3126.5
   34656       8  3130.5
   34659       7  3120.5
   34660       2  3079.5
   34661     1.5    3026
   34662       0  3036.5
   34663       0    3032
   34666     0.5    3047
   34667       1  3061.5
   34668       1    3080
   34669       0  3038.5
   34670       0    3017
   34673       0    3032
   34674       0    3014
   34675       0    3012
   34676       0  3012.5
   34677       0  2977.5
   34680       0    2943
   34681       0    2948
   34682       0    2980
   34683       0    2975
   34684       0    3013
