   34366      27    3480
   34367      22  3517.5
   34368      25  3492.5
   34369      27  3483.5
   34372      30  3418.5
   34373      32  3443.5
   34374      33    3425
   34375      37  3406.5
   34376      42  3377.5
   34379      40    3359
   34380      38    3391
   34381      35  3416.5
   34382      33  3425.5
   34383      41  3382.5
   34386      48    3350
   34387      49    3332
   34388      46    3339
   34389      63  3268.5
   34390      58  3282.5
   34393      48    3322
   34394      61    3276
   34395      67  3238.5
   34396      61    3242
   34397      53    3277
   34400      49    3307
   34401      56    3270
   34402      60    3248
   34403      61  3238.5
   34404      61  3194.5
   34407      65    3233
   34408      50  3266.5
   34409      63  3242.5
   34410      52  3257.5
   34411      65  3216.5
   34414      69    3198
   34415      66  3199.5
   34416      79    3155
   34417      86    3124
   34418      82    3133
   34421      84  3130.5
   34422      87  3125.5
   34423     105    3094
   34424     102  3083.5
   34429     118  3112.5
   34430      80    3132
   34431      78    3127
   34432      78  3120.5
   34435      77  3147.5
   34436      68  3160.5
   34437      75  3145.5
   34438      77    3130
   34439      64    3167
   34442      60    3143
   34443      77  3130.5
   34444      86    3098
   34445      80  3102.5
   34446      74    3135
   34449      82  3107.5
   34450      72    3125
   34451      70    3148
   34452      63  3129.5
   34453      72  3124.5
   34457      77    3100
   34458      87    3070
   34459      73    3106
   34460      73  3106.5
   34463      72    3099
   34464      65    3133
   34465      64  3129.5
   34466      59  3138.5
   34467      66    3120
   34470      60  3113.5
   34471      64  3124.5
   34472      67  3117.5
   34473      60    3124
   34474      58    3126
   34477      66    3107
   34478      75    3090
   34479      94  3015.5
   34480      89    3021
   34481     100    2963
   34485     106  2969.5
   34486     132  2932.5
   34487     108  2975.5
   34488     108    2994
   34491     100    3008
   34492      95    3008
   34493      82    3039
   34494      88  3026.5
   34495      77    3051
   34498      77    3016
   34499      77    3040
   34500      80  3045.5
   34501      90    3029
   34502      90    3021
   34505     101    2973
   34506     115    2939
   34507     114    2957
   34508     127    2943
   34509     152  2877.5
   34512     150    2900
   34513     140    2911
   34514     150  2945.5
   34515     120  2916.5
   34519     118    2972
   34520     107    2963
   34521     121    2947
   34522     112  2965.5
   34523     110    2960
   34526      98    2983
   34527     108    2963
   34528      90  3003.5
   34529      88  3046.5
   34530      68    3075
   34533      70  3081.5
   34534      65  3088.5
   34535      49    3078
   34536      60  3096.5
   34537      46  3114.5
   34540      47  3103.5
   34541      42  3119.5
   34542      52  3084.5
   34543      50    3095
   34544      49  3082.5
   34548      34  3155.5
   34549      31  3159.5
   34550      34  3150.5
   34551      34  3166.5
   34554      28  3169.5
   34555      30  3167.5
   34556      31    3167
   34557      36  3144.5
   34558      45  3142.5
   34561      32  3142.5
   34562      35  3148.5
   34563      29  3189.5
   34564      24    3182
   34565      24  3191.5
   34568      28  3168.5
   34569      26  3174.5
   34570      21    3203
   34571      18    3236
   34572      13  3262.5
   34576      14  3251.5
   34577      14    3251
   34578      19  3216.5
   34579      18  3222.5
   34582      22  3240.5
   34583      20    3204
   34584      19    3205
   34585      22    3178
   34586      31    3134
   34589      33  3127.5
   34590      36  3118.5
   34591      44    3079
   34592      40  3113.5
   34593      38  3066.5
   34596      50    3080
   34597      60    3035
   34598      55    3015
   34599      58  3019.5
   34600      54    3028
   34603      60    3002
   34604      60  3008.5
   34605      57  3039.5
   34606      49  2994.5
   34607      70  3022.5
   34610      53  2984.5
   34611      56  3001.5
   34612      75  2959.5
   34613      67  2985.5
   34614      56  2997.5
   34617      51  3031.5
   34618      49    3073
   34619      30  3098.5
   34620      19  3144.5
   34621      24  3104.5
   34624      21  3120.5
   34625      27    3083
   34626      33  3057.5
   34627      31  3060.5
   34628      40    3030
   34631      37    3033
   34632      83  2999.5
   34633      54  3003.5
   34634      38    3028
   34635      39  3083.5
   34638      26    3097
   34639      24  3093.5
   34640      26  3082.5
   34641      26  3102.5
   34642      20    3098
   34645      26  3066.5
   34646      31  3061.5
   34647      20    3101
   34648      20  3103.5
   34649      22  3073.5
   34652      23  3087.5
   34653      10  3135.5
   34654      10  3147.5
   34655       9  3126.5
   34656       9  3130.5
   34659       9  3120.5
   34660      12  3079.5
   34661      25    3026
   34662      20  3036.5
   34663      24    3032
   34666      14    3047
   34667      12  3061.5
   34668       6    3080
   34669       8  3038.5
   34670       9    3017
   34673       8    3032
   34674     8.5    3014
   34675       7    3012
   34676       9  3012.5
   34677       9  2977.5
   34680       6    2943
   34681       9    2948
   34682       8    2980
   34683     0.5    2975
   34684       0    3013
