   34366      97    3480
   34367     100  3517.5
   34368      93  3492.5
   34369      97  3483.5
   34372     111  3418.5
   34373     110  3443.5
   34374     113    3425
   34375     123  3406.5
   34376     135  3377.5
   34379     150    3359
   34380     127    3391
   34381     118  3416.5
   34382     114  3425.5
   34383     134  3382.5
   34386     150    3350
   34387     153    3332
   34388     146    3339
   34389     187  3268.5
   34390     177  3282.5
   34393     161    3322
   34394     182    3276
   34395     196  3238.5
   34396     200    3242
   34397     195    3277
   34400     163    3307
   34401     183    3270
   34402     186    3248
   34403     195  3238.5
   34404     222  3194.5
   34407     205    3233
   34408     170  3266.5
   34409     187  3242.5
   34410     176  3257.5
   34411     205  3216.5
   34414     216    3198
   34415     210  3199.5
   34416     243    3155
   34417     257    3124
   34418     249    3133
   34421     252  3130.5
   34422     261  3125.5
   34423     300    3094
   34424     295  3083.5
   34429     287  3112.5
   34430     249    3132
   34431     248    3127
   34432     247  3120.5
   34435     247  3147.5
   34436     227  3160.5
   34437     243  3145.5
   34438     248    3130
   34439     216    3167
   34442     243    3143
   34443     249  3130.5
   34444     270    3098
   34445     257  3102.5
   34446     245    3135
   34449     264  3107.5
   34450     244    3125
   34451     238    3148
   34452     222  3129.5
   34453     245  3124.5
   34457     266    3100
   34458     289    3070
   34459     257    3106
   34460     258  3106.5
   34463     258    3099
   34464     231    3133
   34465     238  3129.5
   34466     227  3138.5
   34467     246    3120
   34470     232  3113.5
   34471     242  3124.5
   34472     250  3117.5
   34473     235    3124
   34474     237    3126
   34477     257    3107
   34478     254    3090
   34479     322  3015.5
   34480     312    3021
   34481     370    2963
   34485     351  2969.5
   34486     378  2932.5
   34487     351  2975.5
   34488     352    2994
   34491     328    3008
   34492     329    3008
   34493     301    3039
   34494     299  3026.5
   34495     291    3051
   34498     294    3016
   34499     295    3040
   34500     301  3045.5
   34501     306    3029
   34502     323    3021
   34505     345    2973
   34506     370    2939
   34507     369    2957
   34508     388    2943
   34509     449  2877.5
   34512     409    2900
   34513     409    2911
   34514     380  2945.5
   34515     373  2916.5
   34519     372    2972
   34520     349    2963
   34521     378    2947
   34522     359  2965.5
   34523     357    2960
   34526     337    2983
   34527     358    2963
   34528     321  3003.5
   34529     278  3046.5
   34530     263    3075
   34533     255  3081.5
   34534     254  3088.5
   34535     244    3078
   34536     273  3096.5
   34537     233  3114.5
   34540     238  3103.5
   34541     225  3119.5
   34542     258  3084.5
   34543     253    3095
   34544     252  3082.5
   34548     206  3155.5
   34549     194  3159.5
   34550     205  3150.5
   34551     207  3166.5
   34554     186  3169.5
   34555     196  3167.5
   34556     194    3167
   34557     212  3144.5
   34558     229  3142.5
   34561     201  3142.5
   34562     205  3148.5
   34563     186  3189.5
   34564     170    3182
   34565     167  3191.5
   34568     182  3168.5
   34569     176  3174.5
   34570     155    3203
   34571     142    3236
   34572     118  3262.5
   34576     128  3251.5
   34577     126    3251
   34578     150  3216.5
   34579     146  3222.5
   34582     133  3240.5
   34583     160    3204
   34584     158    3205
   34585     176    3178
   34586     214    3134
   34589     210  3127.5
   34590     233  3118.5
   34591     262    3079
   34592     221  3113.5
   34593     233  3066.5
   34596     256    3080
   34597     286    3035
   34598     311    3015
   34599     296  3019.5
   34600     288    3028
   34603     318    3002
   34604     312  3008.5
   34605     301  3039.5
   34606     282  2994.5
   34607     316  3022.5
   34610     300  2984.5
   34611     309  3001.5
   34612     348  2959.5
   34613     328  2985.5
   34614     309  2997.5
   34617     273  3031.5
   34618     234    3073
   34619     222  3098.5
   34620     181  3144.5
   34621     216  3104.5
   34624     201  3120.5
   34625     234    3083
   34626     259  3057.5
   34627     256  3060.5
   34628     283    3030
   34631     295    3033
   34632     320  2999.5
   34633     329  3003.5
   34634     283    3028
   34635     231  3083.5
   34638     219    3097
   34639     230  3093.5
   34640     239  3082.5
   34641     214  3102.5
   34642     215    3098
   34645     264  3066.5
   34646     273  3061.5
   34647     232    3101
   34648     234  3103.5
   34649     248  3073.5
   34652     257  3087.5
   34653     186  3135.5
   34654     172  3147.5
   34655     187  3126.5
   34656     183  3130.5
   34659     245  3120.5
   34660     223  3079.5
   34661     294    3026
   34662     285  3036.5
   34663     303    3032
   34666     267    3047
   34667     254  3061.5
   34668     229    3080
   34669     281  3038.5
   34670     317    3017
   34673     303    3032
   34674     300    3014
   34675     310    3012
   34676     323  3012.5
   34677     327  2977.5
   34680     376    2943
   34681     391    2948
   34682     344    2980
   34683     327    2975
   34684     350    3013